# Region type : patch outlet
# Faces         : 8
# Area          : 1.00000000e-02
# Scale factor  : 1.00000000e+00
# Time          	areaAverage(T)
0.5             	3.93302485e-307
1               	3.50338787e-293
1.5             	2.84769347e-281
2               	3.02841470e-271
2.5             	1.88611057e-262
3               	1.54515670e-254
3.5             	2.68104248e-247
4               	1.32819348e-240
4.5             	2.29763071e-234
5               	1.60687417e-228
5.5             	5.08851895e-223
6               	7.99407188e-218
6.5             	6.71851088e-213
7               	3.21820554e-208
7.5             	9.27168821e-204
8               	1.68243721e-199
8.5             	2.00100564e-195
9               	1.61483169e-191
9.5             	9.11510048e-188
10              	3.69656637e-184
10.5            	1.10302994e-180
11              	2.47378979e-177
11.5            	4.25004468e-174
12              	5.68986675e-171
12.5            	6.02795033e-168
13              	5.12427545e-165
13.5            	3.53974364e-162
14              	2.00997798e-159
14.5            	9.48153293e-157
15              	3.75192095e-154
15.5            	1.25663277e-151
16              	3.59202191e-149
16.5            	8.83029125e-147
17              	1.88020294e-144
17.5            	3.49057969e-142
18              	5.68492214e-140
18.5            	8.16913569e-138
19              	1.04130565e-135
19.5            	1.18333122e-133
20              	1.20447589e-131
20.5            	1.10297320e-129
21              	9.12435675e-128
21.5            	6.84539934e-126
22              	4.01585790e-124
22.5            	1.94009177e-122
23              	9.08820450e-121
23.5            	4.07504193e-119
24              	1.74231924e-117
24.5            	7.09418047e-116
25              	2.74784971e-114
25.5            	1.01114247e-112
26              	3.52926936e-111
26.5            	1.16669342e-109
27              	3.64836244e-108
27.5            	1.07835681e-106
28              	3.01165664e-105
28.5            	7.94818980e-104
29              	1.98310917e-102
29.5            	4.68117339e-101
30              	1.04638442e-99
30.5            	2.21723380e-98
31              	4.45867029e-97
31.5            	8.51885819e-96
32              	1.54830106e-94
32.5            	2.68005129e-93
33              	4.42339070e-92
33.5            	6.96939427e-91
34              	1.04943523e-89
34.5            	1.51188716e-88
35              	2.08620201e-87
35.5            	2.76009302e-86
36              	3.50481442e-85
36.5            	4.27572711e-84
37              	5.01619390e-83
37.5            	5.66447884e-82
38              	6.16247707e-81
38.5            	6.46451105e-80
39              	6.54430762e-79
39.5            	6.39867256e-78
40              	6.04718251e-77
40.5            	5.52816463e-76
41              	4.89204651e-75
41.5            	4.19361632e-74
42              	3.48475554e-73
42.5            	2.80885338e-72
43              	2.19754404e-71
43.5            	1.66981318e-70
44              	1.23305293e-69
44.5            	8.85386541e-69
45              	6.18539846e-68
45.5            	4.20653898e-67
46              	2.78635530e-66
46.5            	1.79857078e-65
47              	1.13192241e-64
47.5            	6.94890290e-64
48              	4.16325157e-63
48.5            	2.43537850e-62
49              	1.39159442e-61
49.5            	7.77071384e-61
50              	4.24224386e-60
50.5            	2.26514641e-59
51              	1.18341618e-58
51.5            	6.05186603e-58
52              	3.03052030e-57
52.5            	1.48655974e-56
53              	7.14565134e-56
53.5            	3.36704198e-55
54              	1.55579210e-54
54.5            	7.05173868e-54
55              	3.13634713e-53
55.5            	1.36922061e-52
56              	5.86919896e-52
56.5            	2.47099429e-51
57              	1.02206936e-50
57.5            	4.15460589e-50
58              	1.66013059e-49
58.5            	6.52284178e-49
59              	2.52075138e-48
59.5            	9.58374913e-48
60              	3.58561908e-47
60.5            	1.32045810e-46
61              	4.78765506e-46
61.5            	1.70947363e-45
62              	6.01235372e-45
62.5            	2.08337848e-44
63              	7.11426635e-44
63.5            	2.39455597e-43
64              	7.94594101e-43
64.5            	2.60004991e-42
65              	8.39117177e-42
65.5            	2.67149757e-41
66              	8.39195254e-41
66.5            	2.60153900e-40
67              	7.96045735e-40
67.5            	2.40472617e-39
68              	7.17283916e-39
68.5            	2.11295730e-38
69              	6.14807650e-38
69.5            	1.76729867e-37
70              	5.01966262e-37
70.5            	1.40897507e-36
71              	3.90899570e-36
71.5            	1.07208131e-35
72              	2.90708086e-35
72.5            	7.79503867e-35
73              	2.06716367e-34
73.5            	5.42237203e-34
74              	1.40709314e-33
74.5            	3.61273022e-33
75              	9.17880826e-33
75.5            	2.30798491e-32
76              	5.74423597e-32
76.5            	1.41527198e-31
77              	3.45231596e-31
77.5            	8.33868972e-31
78              	1.99459362e-30
78.5            	4.72532956e-30
79              	1.10887258e-29
79.5            	2.57782213e-29
80              	5.93738239e-29
80.5            	1.35505214e-28
81              	3.06466642e-28
81.5            	6.86946802e-28
82              	1.52623487e-27
82.5            	3.36142090e-27
83              	7.33958998e-27
83.5            	1.58895448e-26
84              	3.41102189e-26
84.5            	7.26160931e-26
85              	1.53319644e-25
85.5            	3.21084851e-25
86              	6.67019919e-25
86.5            	1.37465586e-24
87              	2.81076124e-24
87.5            	5.70251810e-24
88              	1.14804653e-23
88.5            	2.29371351e-23
89              	4.54822444e-23
89.5            	8.95165309e-23
90              	1.74887305e-22
90.5            	3.39188806e-22
91              	6.53110836e-22
91.5            	1.24861303e-21
92              	2.37026749e-21
92.5            	4.46815070e-21
93              	8.36471524e-21
93.5            	1.55524518e-20
94              	2.87211557e-20
94.5            	5.26854669e-20
95              	9.60054101e-20
95.5            	1.73798559e-19
96              	3.12587373e-19
96.5            	5.58599145e-19
97              	9.91884369e-19
97.5            	1.75017602e-18
98              	3.06895047e-18
98.5            	5.34826191e-18
99              	9.26353788e-18
99.5            	1.59480996e-17
100             	2.72919700e-17
100.5           	4.64280465e-17
101             	7.85182928e-17
101.5           	1.32017403e-16
102             	2.20691739e-16
102.5           	3.66825768e-16
103             	6.06284483e-16
103.5           	9.96459387e-16
104             	1.62866829e-15
104.5           	2.64739424e-15
105             	4.27996569e-15
105.5           	6.88208602e-15
106             	1.10072850e-14
106.5           	1.75122725e-14
107             	2.77158743e-14
107.5           	4.36374902e-14
108             	6.83529255e-14
108.5           	1.06522512e-13
109             	1.65170764e-13
109.5           	2.54831269e-13
110             	3.91219094e-13
110.5           	5.97661034e-13
111             	9.08608832e-13
111.5           	1.37469194e-12
112             	2.06994740e-12
112.5           	3.10211271e-12
113             	4.62720562e-12
113.5           	6.87007359e-12
114             	1.01532138e-11
114.5           	1.49369938e-11
115             	2.18755089e-11
115.5           	3.18937796e-11
116             	4.62939285e-11
116.5           	6.69005170e-11
117             	9.62585411e-11
117.5           	1.37901892e-10
118             	1.96715654e-10
118.5           	2.79422760e-10
119             	3.95234670e-10
119.5           	5.56717340e-10
120             	7.80938454e-10
120.5           	1.09098036e-09
121             	1.51792625e-09
121.5           	2.10345592e-09
122             	2.90322297e-09
122.5           	3.99122920e-09
123             	5.46546560e-09
123.5           	7.45515446e-09
124             	1.01300066e-08
124.5           	1.37120024e-08
125             	1.84903202e-08
125.5           	2.48401705e-08
126             	3.32464555e-08
126.5           	4.43333637e-08
127             	5.89012285e-08
127.5           	7.79722406e-08
128             	1.02846897e-07
128.5           	1.35173418e-07
129             	1.77032743e-07
129.5           	2.31042175e-07
130             	3.00481223e-07
130.5           	3.89443758e-07
131             	5.03021225e-07
131.5           	6.47522308e-07
132             	8.30735213e-07
132.5           	1.06223953e-06
133             	1.35377548e-06
133.5           	1.71967930e-06
134             	2.17739445e-06
134.5           	2.74806930e-06
135             	3.45725309e-06
135.5           	4.33570274e-06
136             	5.42031436e-06
136.5           	6.75519409e-06
137             	8.39288392e-06
137.5           	1.03957587e-05
138             	1.28376115e-05
138.5           	1.58054454e-05
139             	1.94014880e-05
139.5           	2.37454487e-05
140             	2.89770341e-05
140.5           	3.52587409e-05
141             	4.27789395e-05
141.5           	5.17552657e-05
142             	6.24383306e-05
142.5           	7.51157611e-05
143             	9.01165764e-05
143.5           	1.07815905e-04
144             	1.28640043e-04
144.5           	1.53071844e-04
145             	1.81656438e-04
145.5           	2.15007252e-04
146             	2.53812323e-04
146.5           	2.98840857e-04
147             	3.50950017e-04
147.5           	4.11091872e-04
148             	4.80320477e-04
148.5           	5.59799006e-04
149             	6.50806880e-04
149.5           	7.54746803e-04
150             	8.73151633e-04
150.5           	1.00769099e-03
151             	1.16017749e-03
151.5           	1.33257256e-03
152             	1.52699159e-03
152.5           	1.74570852e-03
153             	1.99115953e-03
153.5           	2.26594583e-03
154             	2.57283550e-03
154.5           	2.91476408e-03
155             	3.29483398e-03
155.5           	3.71631254e-03
156             	4.18262862e-03
156.5           	4.69736771e-03
157             	5.26426540e-03
157.5           	5.88719925e-03
158             	6.57017894e-03
158.5           	7.31733474e-03
159             	8.13290424e-03
159.5           	9.02121740e-03
160             	9.98667996e-03
160.5           	1.10337552e-02
161             	1.21669442e-02
161.5           	1.33907648e-02
162             	1.47097290e-02
162.5           	1.61283193e-02
163             	1.76509644e-02
163.5           	1.92820137e-02
164             	2.10257112e-02
164.5           	2.28861689e-02
165             	2.48673408e-02
165.5           	2.69729960e-02
166             	2.92066923e-02
166.5           	3.15717510e-02
167             	3.40712318e-02
167.5           	3.67079089e-02
168             	3.94842484e-02
168.5           	4.24023873e-02
169             	4.54641143e-02
169.5           	4.86708519e-02
170             	5.20236416e-02
170.5           	5.55231302e-02
171             	5.91695597e-02
171.5           	6.29627587e-02
172             	6.69021369e-02
172.5           	7.09866828e-02
173             	7.52149625e-02
173.5           	7.95851232e-02
174             	8.40948980e-02
174.5           	8.87416142e-02
175             	9.35222034e-02
175.5           	9.84332149e-02
176             	1.03470831e-01
176.5           	1.08630884e-01
177             	1.13908878e-01
177.5           	1.19300007e-01
178             	1.24799181e-01
178.5           	1.30401050e-01
179             	1.36100030e-01
179.5           	1.41890329e-01
180             	1.47765974e-01
180.5           	1.53720845e-01
181             	1.59748694e-01
181.5           	1.65843181e-01
182             	1.71997902e-01
182.5           	1.78206414e-01
183             	1.84462263e-01
183.5           	1.90759013e-01
184             	1.97090271e-01
184.5           	2.03449710e-01
185             	2.09831096e-01
185.5           	2.16228306e-01
186             	2.22635352e-01
186.5           	2.29046398e-01
187             	2.35455779e-01
187.5           	2.41858015e-01
188             	2.48247827e-01
188.5           	2.54620149e-01
189             	2.60970135e-01
189.5           	2.67293173e-01
190             	2.73584889e-01
190.5           	2.79841152e-01
191             	2.86058082e-01
191.5           	2.92232045e-01
192             	2.98359662e-01
192.5           	3.04437802e-01
193             	3.10463582e-01
193.5           	3.16434367e-01
194             	3.22347763e-01
194.5           	3.28201610e-01
195             	3.33993980e-01
195.5           	3.39723170e-01
196             	3.45387689e-01
196.5           	3.50986257e-01
197             	3.56517793e-01
197.5           	3.61981405e-01
198             	3.67376382e-01
198.5           	3.72702186e-01
199             	3.77958440e-01
199.5           	3.83144917e-01
200             	3.88261536e-01
200.5           	3.93308346e-01
201             	3.98285519e-01
201.5           	4.03193342e-01
202             	4.08032205e-01
202.5           	4.12802594e-01
203             	4.17505082e-01
203.5           	4.22140321e-01
204             	4.26709031e-01
204.5           	4.31211998e-01
205             	4.35650060e-01
205.5           	4.40024107e-01
206             	4.44335068e-01
206.5           	4.48583910e-01
207             	4.52771629e-01
207.5           	4.56899245e-01
208             	4.60967799e-01
208.5           	4.64978348e-01
209             	4.68931957e-01
209.5           	4.72829701e-01
210             	4.76672655e-01
210.5           	4.80461897e-01
211             	4.84198500e-01
211.5           	4.87883534e-01
212             	4.91518059e-01
212.5           	4.95103125e-01
213             	4.98639771e-01
213.5           	5.02129022e-01
214             	5.05571888e-01
214.5           	5.08969364e-01
215             	5.12322426e-01
215.5           	5.15632032e-01
216             	5.18899123e-01
216.5           	5.22124620e-01
217             	5.25309422e-01
217.5           	5.28454410e-01
218             	5.31560445e-01
218.5           	5.34628366e-01
219             	5.37658993e-01
219.5           	5.40653123e-01
220             	5.43611536e-01
220.5           	5.46534989e-01
221             	5.49424221e-01
221.5           	5.52279951e-01
222             	5.55102876e-01
222.5           	5.57893678e-01
223             	5.60653017e-01
223.5           	5.63381536e-01
224             	5.66079861e-01
224.5           	5.68748599e-01
225             	5.71388341e-01
225.5           	5.73999661e-01
226             	5.76583116e-01
226.5           	5.79139248e-01
227             	5.81668585e-01
227.5           	5.84171638e-01
228             	5.86648905e-01
228.5           	5.89100870e-01
229             	5.91528002e-01
229.5           	5.93930760e-01
230             	5.96309587e-01
230.5           	5.98664916e-01
231             	6.00997167e-01
231.5           	6.03306750e-01
232             	6.05594061e-01
232.5           	6.07859489e-01
233             	6.10103411e-01
233.5           	6.12326192e-01
234             	6.14528191e-01
234.5           	6.16709756e-01
235             	6.18871225e-01
235.5           	6.21012929e-01
236             	6.23135189e-01
236.5           	6.25238321e-01
237             	6.27322628e-01
237.5           	6.29388411e-01
238             	6.31435960e-01
238.5           	6.33465559e-01
239             	6.35477485e-01
239.5           	6.37472009e-01
240             	6.39449396e-01
240.5           	6.41409903e-01
241             	6.43353783e-01
241.5           	6.45281282e-01
242             	6.47192641e-01
242.5           	6.49088096e-01
243             	6.50967876e-01
243.5           	6.52832207e-01
244             	6.54681309e-01
244.5           	6.56515398e-01
245             	6.58334684e-01
245.5           	6.60139375e-01
246             	6.61929672e-01
246.5           	6.63705774e-01
247             	6.65467873e-01
247.5           	6.67216161e-01
248             	6.68950824e-01
248.5           	6.70672043e-01
249             	6.72379998e-01
249.5           	6.74074865e-01
250             	6.75756814e-01
250.5           	6.77426015e-01
251             	6.79082632e-01
251.5           	6.80726829e-01
252             	6.82358764e-01
252.5           	6.83978594e-01
253             	6.85586471e-01
253.5           	6.87182546e-01
254             	6.88766967e-01
254.5           	6.90339880e-01
255             	6.91901425e-01
255.5           	6.93451743e-01
256             	6.94990972e-01
256.5           	6.96519246e-01
257             	6.98036698e-01
257.5           	6.99543458e-01
258             	7.01039654e-01
258.5           	7.02525411e-01
259             	7.04000854e-01
259.5           	7.05466103e-01
260             	7.06921278e-01
260.5           	7.08366497e-01
261             	7.09801874e-01
261.5           	7.11227523e-01
262             	7.12643556e-01
262.5           	7.14050082e-01
263             	7.15447209e-01
263.5           	7.16835043e-01
264             	7.18213689e-01
264.5           	7.19583249e-01
265             	7.20943825e-01
265.5           	7.22295515e-01
266             	7.23638417e-01
266.5           	7.24972627e-01
267             	7.26298241e-01
267.5           	7.27615351e-01
268             	7.28924049e-01
268.5           	7.30224425e-01
269             	7.31516568e-01
269.5           	7.32800565e-01
270             	7.34076503e-01
270.5           	7.35344466e-01
271             	7.36604538e-01
271.5           	7.37856801e-01
272             	7.39101335e-01
272.5           	7.40338221e-01
273             	7.41567537e-01
273.5           	7.42789360e-01
274             	7.44003767e-01
274.5           	7.45210832e-01
275             	7.46410629e-01
275.5           	7.47603232e-01
276             	7.48788711e-01
276.5           	7.49967138e-01
277             	7.51138582e-01
277.5           	7.52303112e-01
278             	7.53460795e-01
278.5           	7.54611699e-01
279             	7.55755889e-01
279.5           	7.56893430e-01
280             	7.58024385e-01
280.5           	7.59148818e-01
281             	7.60266791e-01
281.5           	7.61378365e-01
282             	7.62483601e-01
282.5           	7.63582557e-01
283             	7.64675294e-01
283.5           	7.65761868e-01
284             	7.66842336e-01
284.5           	7.67916757e-01
285             	7.68985184e-01
285.5           	7.70047672e-01
286             	7.71104277e-01
286.5           	7.72155051e-01
287             	7.73200046e-01
287.5           	7.74239316e-01
288             	7.75272911e-01
288.5           	7.76300882e-01
289             	7.77323279e-01
289.5           	7.78340151e-01
290             	7.79351547e-01
290.5           	7.80357515e-01
291             	7.81358102e-01
291.5           	7.82353355e-01
292             	7.83343321e-01
292.5           	7.84328045e-01
293             	7.85307572e-01
293.5           	7.86281947e-01
294             	7.87251213e-01
294.5           	7.88215414e-01
295             	7.89174593e-01
295.5           	7.90128791e-01
296             	7.91078052e-01
296.5           	7.92022415e-01
297             	7.92961923e-01
297.5           	7.93896614e-01
298             	7.94826528e-01
298.5           	7.95751706e-01
299             	7.96672185e-01
299.5           	7.97588003e-01
300             	7.98499200e-01
300.5           	7.99405811e-01
301             	8.00307874e-01
301.5           	8.01205425e-01
302             	8.02098501e-01
302.5           	8.02987136e-01
303             	8.03871366e-01
303.5           	8.04751226e-01
304             	8.05626749e-01
304.5           	8.06497970e-01
305             	8.07364922e-01
305.5           	8.08227639e-01
306             	8.09086151e-01
306.5           	8.09940493e-01
307             	8.10790696e-01
307.5           	8.11636791e-01
308             	8.12478810e-01
308.5           	8.13316783e-01
309             	8.14150741e-01
309.5           	8.14980713e-01
310             	8.15806729e-01
310.5           	8.16628820e-01
311             	8.17447013e-01
311.5           	8.18261337e-01
312             	8.19071820e-01
312.5           	8.19878492e-01
313             	8.20681378e-01
313.5           	8.21480508e-01
314             	8.22275906e-01
314.5           	8.23067601e-01
315             	8.23855619e-01
315.5           	8.24639986e-01
316             	8.25420728e-01
316.5           	8.26197869e-01
317             	8.26971436e-01
317.5           	8.27741454e-01
318             	8.28507946e-01
318.5           	8.29270939e-01
319             	8.30030454e-01
319.5           	8.30786517e-01
320             	8.31539152e-01
320.5           	8.32288380e-01
321             	8.33034226e-01
321.5           	8.33776713e-01
322             	8.34515862e-01
322.5           	8.35251697e-01
323             	8.35984239e-01
323.5           	8.36713510e-01
324             	8.37439532e-01
324.5           	8.38162327e-01
325             	8.38881914e-01
325.5           	8.39598317e-01
326             	8.40311554e-01
326.5           	8.41021647e-01
327             	8.41728616e-01
327.5           	8.42432482e-01
328             	8.43133263e-01
328.5           	8.43830980e-01
329             	8.44525652e-01
329.5           	8.45217298e-01
330             	8.45905938e-01
330.5           	8.46591590e-01
331             	8.47274274e-01
331.5           	8.47954007e-01
332             	8.48630809e-01
332.5           	8.49304697e-01
333             	8.49975688e-01
333.5           	8.50643802e-01
334             	8.51309056e-01
334.5           	8.51971467e-01
335             	8.52631052e-01
335.5           	8.53287829e-01
336             	8.53941814e-01
336.5           	8.54593025e-01
337             	8.55241478e-01
337.5           	8.55887189e-01
338             	8.56530176e-01
338.5           	8.57170453e-01
339             	8.57808038e-01
339.5           	8.58442946e-01
340             	8.59075192e-01
340.5           	8.59704794e-01
341             	8.60331764e-01
341.5           	8.60956121e-01
342             	8.61577877e-01
342.5           	8.62197049e-01
343             	8.62813652e-01
343.5           	8.63427700e-01
344             	8.64039207e-01
344.5           	8.64648189e-01
345             	8.65254660e-01
345.5           	8.65858634e-01
346             	8.66460125e-01
346.5           	8.67059147e-01
347             	8.67655715e-01
347.5           	8.68249842e-01
348             	8.68841541e-01
348.5           	8.69430827e-01
349             	8.70017712e-01
349.5           	8.70602210e-01
350             	8.71184335e-01
350.5           	8.71764099e-01
351             	8.72341515e-01
351.5           	8.72916597e-01
352             	8.73489357e-01
352.5           	8.74059807e-01
353             	8.74627961e-01
353.5           	8.75193831e-01
354             	8.75757429e-01
354.5           	8.76318768e-01
355             	8.76877859e-01
355.5           	8.77434715e-01
356             	8.77989349e-01
356.5           	8.78541770e-01
357             	8.79091993e-01
357.5           	8.79640028e-01
358             	8.80185886e-01
358.5           	8.80729580e-01
359             	8.81271121e-01
359.5           	8.81810521e-01
360             	8.82347790e-01
360.5           	8.82882940e-01
361             	8.83415981e-01
361.5           	8.83946926e-01
362             	8.84475784e-01
362.5           	8.85002567e-01
363             	8.85527286e-01
363.5           	8.86049951e-01
364             	8.86570573e-01
364.5           	8.87089162e-01
365             	8.87605729e-01
365.5           	8.88120285e-01
366             	8.88632839e-01
366.5           	8.89143402e-01
367             	8.89651984e-01
367.5           	8.90158595e-01
368             	8.90663245e-01
368.5           	8.91165945e-01
369             	8.91666703e-01
369.5           	8.92165531e-01
370             	8.92662437e-01
370.5           	8.93157431e-01
371             	8.93650524e-01
371.5           	8.94141724e-01
372             	8.94631041e-01
372.5           	8.95118484e-01
373             	8.95604063e-01
373.5           	8.96087787e-01
374             	8.96569666e-01
374.5           	8.97049708e-01
375             	8.97527923e-01
375.5           	8.98004319e-01
376             	8.98478906e-01
376.5           	8.98951693e-01
377             	8.99422688e-01
377.5           	8.99891900e-01
378             	9.00359339e-01
378.5           	9.00825012e-01
379             	9.01288928e-01
379.5           	9.01751097e-01
380             	9.02211526e-01
380.5           	9.02670224e-01
381             	9.03127199e-01
381.5           	9.03582461e-01
382             	9.04036016e-01
382.5           	9.04487873e-01
383             	9.04938042e-01
383.5           	9.05386528e-01
384             	9.05833342e-01
384.5           	9.06278491e-01
385             	9.06721982e-01
385.5           	9.07163824e-01
386             	9.07604025e-01
386.5           	9.08042592e-01
387             	9.08479534e-01
387.5           	9.08914857e-01
388             	9.09348571e-01
388.5           	9.09780682e-01
389             	9.10211198e-01
389.5           	9.10640126e-01
390             	9.11067475e-01
390.5           	9.11493251e-01
391             	9.11917462e-01
391.5           	9.12340115e-01
392             	9.12761218e-01
392.5           	9.13180778e-01
393             	9.13598803e-01
393.5           	9.14015298e-01
394             	9.14430272e-01
394.5           	9.14843732e-01
395             	9.15255684e-01
395.5           	9.15666136e-01
396             	9.16075094e-01
396.5           	9.16482566e-01
397             	9.16888559e-01
397.5           	9.17293079e-01
398             	9.17696133e-01
398.5           	9.18097727e-01
399             	9.18497870e-01
399.5           	9.18896566e-01
400             	9.19293823e-01
400.5           	9.19689648e-01
401             	9.20084047e-01
401.5           	9.20477026e-01
402             	9.20868592e-01
402.5           	9.21258752e-01
403             	9.21647511e-01
403.5           	9.22034877e-01
404             	9.22420855e-01
404.5           	9.22805452e-01
405             	9.23188674e-01
405.5           	9.23570527e-01
406             	9.23951017e-01
406.5           	9.24330151e-01
407             	9.24707935e-01
407.5           	9.25084374e-01
408             	9.25459475e-01
408.5           	9.25833243e-01
409             	9.26205685e-01
409.5           	9.26576807e-01
410             	9.26946613e-01
410.5           	9.27315111e-01
411             	9.27682307e-01
411.5           	9.28048204e-01
412             	9.28412811e-01
412.5           	9.28776131e-01
413             	9.29138172e-01
413.5           	9.29498937e-01
414             	9.29858434e-01
414.5           	9.30216668e-01
415             	9.30573644e-01
415.5           	9.30929367e-01
416             	9.31283844e-01
416.5           	9.31637079e-01
417             	9.31989078e-01
417.5           	9.32339846e-01
418             	9.32689389e-01
418.5           	9.33037712e-01
419             	9.33384820e-01
419.5           	9.33730719e-01
420             	9.34075413e-01
420.5           	9.34418908e-01
421             	9.34761209e-01
421.5           	9.35102321e-01
422             	9.35442250e-01
422.5           	9.35780999e-01
423             	9.36118575e-01
423.5           	9.36454981e-01
424             	9.36790224e-01
424.5           	9.37124309e-01
425             	9.37457239e-01
425.5           	9.37789020e-01
426             	9.38119656e-01
426.5           	9.38449153e-01
427             	9.38777516e-01
427.5           	9.39104748e-01
428             	9.39430855e-01
428.5           	9.39755842e-01
429             	9.40079713e-01
429.5           	9.40402473e-01
430             	9.40724126e-01
430.5           	9.41044676e-01
431             	9.41364130e-01
431.5           	9.41682490e-01
432             	9.41999763e-01
432.5           	9.42315951e-01
433             	9.42631059e-01
433.5           	9.42945093e-01
434             	9.43258056e-01
434.5           	9.43569952e-01
435             	9.43880787e-01
435.5           	9.44190563e-01
436             	9.44499287e-01
436.5           	9.44806961e-01
437             	9.45113591e-01
437.5           	9.45419180e-01
438             	9.45723732e-01
438.5           	9.46027252e-01
439             	9.46329744e-01
439.5           	9.46631212e-01
440             	9.46931660e-01
440.5           	9.47231092e-01
441             	9.47529512e-01
441.5           	9.47826925e-01
442             	9.48123334e-01
442.5           	9.48418742e-01
443             	9.48713155e-01
443.5           	9.49006576e-01
444             	9.49299009e-01
444.5           	9.49590458e-01
445             	9.49880927e-01
445.5           	9.50170419e-01
446             	9.50458938e-01
446.5           	9.50746488e-01
447             	9.51033074e-01
447.5           	9.51318698e-01
448             	9.51603364e-01
448.5           	9.51887076e-01
449             	9.52169839e-01
449.5           	9.52451654e-01
450             	9.52732527e-01
450.5           	9.53012460e-01
451             	9.53291458e-01
451.5           	9.53569523e-01
452             	9.53846660e-01
452.5           	9.54122872e-01
453             	9.54398162e-01
453.5           	9.54672534e-01
454             	9.54945991e-01
454.5           	9.55218538e-01
455             	9.55490176e-01
455.5           	9.55760910e-01
456             	9.56030744e-01
456.5           	9.56299680e-01
457             	9.56567722e-01
457.5           	9.56834872e-01
458             	9.57101136e-01
458.5           	9.57366515e-01
459             	9.57631013e-01
459.5           	9.57894634e-01
460             	9.58157380e-01
460.5           	9.58419254e-01
461             	9.58680261e-01
461.5           	9.58940403e-01
462             	9.59199683e-01
462.5           	9.59458105e-01
463             	9.59715671e-01
463.5           	9.59972385e-01
464             	9.60228250e-01
464.5           	9.60483269e-01
465             	9.60737444e-01
465.5           	9.60990780e-01
466             	9.61243278e-01
466.5           	9.61494943e-01
467             	9.61745777e-01
467.5           	9.61995782e-01
468             	9.62244962e-01
468.5           	9.62493321e-01
469             	9.62740860e-01
469.5           	9.62987582e-01
470             	9.63233492e-01
470.5           	9.63478590e-01
471             	9.63722881e-01
471.5           	9.63966367e-01
472             	9.64209051e-01
472.5           	9.64450936e-01
473             	9.64692024e-01
473.5           	9.64932318e-01
474             	9.65171822e-01
474.5           	9.65410537e-01
475             	9.65648466e-01
475.5           	9.65885613e-01
476             	9.66121980e-01
476.5           	9.66357569e-01
477             	9.66592384e-01
477.5           	9.66826426e-01
478             	9.67059699e-01
478.5           	9.67292205e-01
479             	9.67523947e-01
479.5           	9.67754927e-01
480             	9.67985148e-01
480.5           	9.68214612e-01
481             	9.68443322e-01
481.5           	9.68671281e-01
482             	9.68898490e-01
482.5           	9.69124953e-01
483             	9.69350672e-01
483.5           	9.69575649e-01
484             	9.69799888e-01
484.5           	9.70023389e-01
485             	9.70246156e-01
485.5           	9.70468192e-01
486             	9.70689497e-01
486.5           	9.70910076e-01
487             	9.71129930e-01
487.5           	9.71349062e-01
488             	9.71567473e-01
488.5           	9.71785167e-01
489             	9.72002146e-01
489.5           	9.72218411e-01
490             	9.72433966e-01
490.5           	9.72648812e-01
491             	9.72862952e-01
491.5           	9.73076387e-01
492             	9.73289121e-01
492.5           	9.73501156e-01
493             	9.73712493e-01
493.5           	9.73923135e-01
494             	9.74133084e-01
494.5           	9.74342343e-01
495             	9.74550913e-01
495.5           	9.74758796e-01
496             	9.74965995e-01
496.5           	9.75172512e-01
497             	9.75378349e-01
497.5           	9.75583508e-01
498             	9.75787991e-01
498.5           	9.75991801e-01
499             	9.76194939e-01
499.5           	9.76397407e-01
500             	9.76599208e-01
500.5           	9.76800343e-01
501             	9.77000816e-01
501.5           	9.77200626e-01
502             	9.77399778e-01
502.5           	9.77598272e-01
503             	9.77796111e-01
503.5           	9.77993296e-01
504             	9.78189830e-01
504.5           	9.78385715e-01
505             	9.78580952e-01
505.5           	9.78775544e-01
506             	9.78969493e-01
506.5           	9.79162800e-01
507             	9.79355467e-01
507.5           	9.79547497e-01
508             	9.79738891e-01
508.5           	9.79929651e-01
509             	9.80119780e-01
509.5           	9.80309278e-01
510             	9.80498148e-01
510.5           	9.80686392e-01
511             	9.80874012e-01
511.5           	9.81061009e-01
512             	9.81247386e-01
512.5           	9.81433144e-01
513             	9.81618285e-01
513.5           	9.81802811e-01
514             	9.81986724e-01
514.5           	9.82170026e-01
515             	9.82352718e-01
515.5           	9.82534802e-01
516             	9.82716281e-01
516.5           	9.82897155e-01
517             	9.83077428e-01
517.5           	9.83257100e-01
518             	9.83436173e-01
518.5           	9.83614649e-01
519             	9.83792531e-01
519.5           	9.83969819e-01
520             	9.84146516e-01
520.5           	9.84322623e-01
521             	9.84498143e-01
521.5           	9.84673076e-01
522             	9.84847425e-01
522.5           	9.85021191e-01
523             	9.85194377e-01
523.5           	9.85366984e-01
524             	9.85539013e-01
524.5           	9.85710467e-01
525             	9.85881347e-01
525.5           	9.86051655e-01
526             	9.86221393e-01
526.5           	9.86390562e-01
527             	9.86559165e-01
527.5           	9.86727202e-01
528             	9.86894676e-01
528.5           	9.87061589e-01
529             	9.87227942e-01
529.5           	9.87393736e-01
530             	9.87558975e-01
530.5           	9.87723658e-01
531             	9.87887789e-01
531.5           	9.88051369e-01
532             	9.88214399e-01
532.5           	9.88376881e-01
533             	9.88538817e-01
533.5           	9.88700209e-01
534             	9.88861058e-01
534.5           	9.89021367e-01
535             	9.89181136e-01
535.5           	9.89340368e-01
536             	9.89499064e-01
536.5           	9.89657226e-01
537             	9.89814855e-01
537.5           	9.89971954e-01
538             	9.90128524e-01
538.5           	9.90284566e-01
539             	9.90440083e-01
539.5           	9.90595076e-01
540             	9.90749547e-01
540.5           	9.90903498e-01
541             	9.91056929e-01
541.5           	9.91209844e-01
542             	9.91362243e-01
542.5           	9.91514129e-01
543             	9.91665502e-01
543.5           	9.91816365e-01
544             	9.91966720e-01
544.5           	9.92116567e-01
545             	9.92265909e-01
545.5           	9.92414748e-01
546             	9.92563085e-01
546.5           	9.92710921e-01
547             	9.92858259e-01
547.5           	9.93005100e-01
548             	9.93151446e-01
548.5           	9.93297298e-01
549             	9.93442658e-01
549.5           	9.93587529e-01
550             	9.93731910e-01
550.5           	9.93875805e-01
551             	9.94019215e-01
551.5           	9.94162141e-01
552             	9.94304586e-01
552.5           	9.94446550e-01
553             	9.94588035e-01
553.5           	9.94729044e-01
554             	9.94869578e-01
554.5           	9.95009638e-01
555             	9.95149226e-01
555.5           	9.95288344e-01
556             	9.95426993e-01
556.5           	9.95565175e-01
557             	9.95702892e-01
557.5           	9.95840145e-01
558             	9.95976937e-01
558.5           	9.96113268e-01
559             	9.96249140e-01
559.5           	9.96384555e-01
560             	9.96519515e-01
560.5           	9.96654020e-01
561             	9.96788074e-01
561.5           	9.96921677e-01
562             	9.97054831e-01
562.5           	9.97187537e-01
563             	9.97319798e-01
563.5           	9.97451615e-01
564             	9.97582989e-01
564.5           	9.97713922e-01
565             	9.97844416e-01
565.5           	9.97974472e-01
566             	9.98104093e-01
566.5           	9.98233278e-01
567             	9.98362031e-01
567.5           	9.98490352e-01
568             	9.98618244e-01
568.5           	9.98745707e-01
569             	9.98872744e-01
569.5           	9.98999356e-01
570             	9.99125545e-01
570.5           	9.99251311e-01
571             	9.99376658e-01
571.5           	9.99501585e-01
572             	9.99626095e-01
572.5           	9.99750190e-01
573             	9.99873871e-01
573.5           	9.99997139e-01
574             	1.00012000e+00
574.5           	1.00024244e+00
575             	1.00036448e+00
575.5           	1.00048612e+00
576             	1.00060734e+00
576.5           	1.00072817e+00
577             	1.00084859e+00
577.5           	1.00096862e+00
578             	1.00108824e+00
578.5           	1.00120747e+00
579             	1.00132630e+00
579.5           	1.00144473e+00
580             	1.00156278e+00
580.5           	1.00168043e+00
581             	1.00179769e+00
581.5           	1.00191457e+00
582             	1.00203105e+00
582.5           	1.00214715e+00
583             	1.00226287e+00
583.5           	1.00237821e+00
584             	1.00249316e+00
584.5           	1.00260773e+00
585             	1.00272193e+00
585.5           	1.00283575e+00
586             	1.00294919e+00
586.5           	1.00306226e+00
587             	1.00317496e+00
587.5           	1.00328729e+00
588             	1.00339924e+00
588.5           	1.00351083e+00
589             	1.00362205e+00
589.5           	1.00373291e+00
590             	1.00384340e+00
590.5           	1.00395353e+00
591             	1.00406330e+00
591.5           	1.00417270e+00
592             	1.00428175e+00
592.5           	1.00439045e+00
593             	1.00449878e+00
593.5           	1.00460676e+00
594             	1.00471439e+00
594.5           	1.00482167e+00
595             	1.00492859e+00
595.5           	1.00503517e+00
596             	1.00514140e+00
596.5           	1.00524728e+00
597             	1.00535282e+00
597.5           	1.00545801e+00
598             	1.00556286e+00
598.5           	1.00566737e+00
599             	1.00577154e+00
599.5           	1.00587537e+00
600             	1.00597886e+00
