# Region type : patch outlet
# Faces         : 8
# Area          : 1.00000000e-02
# Scale factor  : 1.00000000e+00
# Time          	areaAverage(T)
0.25            	3.32029480e-272
0.75            	2.39775697e-254
1.25            	4.96442831e-242
1.75            	1.45521952e-231
2.25            	1.23452392e-222
2.75            	9.05855848e-215
3.25            	1.09227804e-207
3.75            	3.23107986e-201
4.25            	3.05048938e-195
4.75            	1.10350134e-189
5.25            	1.74969246e-184
5.75            	1.34918447e-179
6.25            	5.49898209e-175
6.75            	1.26868503e-170
7.25            	1.75474450e-166
7.75            	1.52766251e-162
8.25            	8.72881229e-159
8.75            	3.39403629e-155
9.25            	9.26871828e-152
9.75            	1.82767171e-148
10.25           	2.66672228e-145
10.75           	2.94233216e-142
11.25           	2.50296902e-139
11.75           	1.67036190e-136
12.25           	8.88266244e-134
12.75           	3.81753735e-131
13.25           	1.34303932e-128
13.75           	3.91305765e-126
14.25           	9.54295035e-124
14.75           	1.96705518e-121
15.25           	3.45781437e-119
15.75           	5.22653413e-117
16.25           	5.66699936e-115
16.75           	4.71026021e-113
17.25           	3.69138398e-111
17.75           	2.69392914e-109
18.25           	1.82775699e-107
18.75           	1.15315545e-105
19.25           	6.76218399e-104
19.75           	3.68061400e-102
20.25           	1.85628522e-100
20.75           	8.66214426e-99
21.25           	3.73672809e-97
21.75           	1.48999316e-95
22.25           	5.49456338e-94
22.75           	1.87584821e-92
23.25           	5.93747440e-91
23.75           	1.74532314e-89
24.25           	4.77323972e-88
24.75           	1.21686176e-86
25.25           	2.89737145e-85
25.75           	6.45584720e-84
26.25           	1.34877316e-82
26.75           	2.64730417e-81
27.25           	4.89075550e-80
27.75           	8.52044648e-79
28.25           	1.40231219e-77
28.75           	2.18411906e-76
29.25           	3.22463577e-75
29.75           	4.52013440e-74
30.25           	6.02493773e-73
30.75           	7.64751307e-72
31.25           	9.25685075e-71
31.75           	1.06995359e-69
32.25           	1.18245402e-68
32.75           	1.25099981e-67
33.25           	1.26852246e-66
33.75           	1.23424312e-65
34.25           	1.15355715e-64
34.75           	1.03673822e-63
35.25           	8.96868819e-63
35.75           	7.47549863e-62
36.25           	6.00908921e-61
36.75           	4.66256818e-60
37.25           	3.49515425e-59
37.75           	2.53334929e-58
38.25           	1.77689357e-57
38.75           	1.20698839e-56
39.25           	7.94595474e-56
39.75           	5.07347081e-55
40.25           	3.14401356e-54
40.75           	1.89224640e-53
41.25           	1.10679989e-52
41.75           	6.29554662e-52
42.25           	3.48446861e-51
42.75           	1.87774130e-50
43.25           	9.85780423e-50
43.75           	5.04441899e-49
44.25           	2.51745923e-48
44.75           	1.22591588e-47
45.25           	5.82808027e-47
45.75           	2.70626347e-46
46.25           	1.22800754e-45
46.75           	5.44777289e-45
47.25           	2.36384334e-44
47.75           	1.00366598e-43
48.25           	4.17171083e-43
48.75           	1.69813457e-42
49.25           	6.77230239e-42
49.75           	2.64713132e-41
50.25           	1.01450329e-40
50.75           	3.81355219e-40
51.25           	1.40656336e-39
51.75           	5.09205653e-39
52.25           	1.80999911e-38
52.75           	6.31913712e-38
53.25           	2.16755820e-37
53.75           	7.30723392e-37
54.25           	2.42179126e-36
54.75           	7.89315597e-36
55.25           	2.53058259e-35
55.75           	7.98304591e-35
56.25           	2.47864541e-34
56.75           	7.57659864e-34
57.25           	2.28066694e-33
57.75           	6.76219982e-33
58.25           	1.97542644e-32
58.75           	5.68703700e-32
59.25           	1.61386305e-31
59.75           	4.51547481e-31
60.25           	1.24593282e-30
60.75           	3.39106692e-30
61.25           	9.10589197e-30
61.75           	2.41293021e-29
62.25           	6.31092220e-29
62.75           	1.62949994e-28
63.25           	4.15446440e-28
63.75           	1.04606512e-27
64.25           	2.60176088e-27
64.75           	6.39324310e-27
65.25           	1.55238242e-26
65.75           	3.72543225e-26
66.25           	8.83751669e-26
66.75           	2.07268368e-25
67.25           	4.80681110e-25
67.75           	1.10248546e-24
68.25           	2.50120660e-24
68.75           	5.61377253e-24
69.25           	1.24667975e-23
69.75           	2.73977442e-23
70.25           	5.95934007e-23
70.75           	1.28312032e-22
71.25           	2.73516547e-22
71.75           	5.77306951e-22
72.25           	1.20669000e-21
72.75           	2.49808975e-21
73.25           	5.12271617e-21
73.75           	1.04070572e-20
74.25           	2.09481364e-20
74.75           	4.17836167e-20
75.25           	8.25966120e-20
75.75           	1.61832379e-19
76.25           	3.14315681e-19
76.75           	6.05220543e-19
77.25           	1.15546526e-18
77.75           	2.18747702e-18
78.25           	4.10695915e-18
78.75           	7.64774865e-18
79.25           	1.41262997e-17
79.75           	2.58850650e-17
80.25           	4.70586883e-17
80.75           	8.48873549e-17
81.25           	1.51950099e-16
81.75           	2.69932532e-16
82.25           	4.75933720e-16
82.75           	8.32942047e-16
83.25           	1.44710335e-15
83.75           	2.49597075e-15
84.25           	4.27437584e-15
84.75           	7.26836380e-15
85.25           	1.22734934e-14
85.75           	2.05827580e-14
86.25           	3.42829710e-14
86.75           	5.67189184e-14
87.25           	9.32151656e-14
87.75           	1.52190782e-13
88.25           	2.46869095e-13
88.75           	3.97882318e-13
89.25           	6.37212848e-13
89.75           	1.01411757e-12
90.25           	1.60397441e-12
90.75           	2.52140650e-12
91.25           	3.93962705e-12
91.75           	6.11877102e-12
92.25           	9.44712663e-12
92.75           	1.45007637e-11
93.25           	2.21292323e-11
93.75           	3.35779724e-11
94.25           	5.06620940e-11
94.75           	7.60115967e-11
95.25           	1.13415323e-10
95.75           	1.68300537e-10
96.25           	2.48397663e-10
96.75           	3.64656307e-10
97.25           	5.32500225e-10
97.75           	7.73536795e-10
98.25           	1.11787231e-09
98.75           	1.60723007e-09
99.25           	2.29912610e-09
99.75           	3.27242996e-09
100.25          	4.63472932e-09
100.75          	6.53202968e-09
101.25          	9.16146004e-09
101.75          	1.27878259e-08
102.25          	1.77650585e-08
102.75          	2.45638599e-08
103.25          	3.38071444e-08
103.75          	4.63152341e-08
104.25          	6.31631906e-08
104.75          	8.57531622e-08
105.25          	1.15905202e-07
105.75          	1.55970682e-07
106.25          	2.08973203e-07
106.75          	2.78782743e-07
107.25          	3.70329820e-07
107.75          	4.89867484e-07
108.25          	6.45290202e-07
108.75          	8.46520026e-07
109.25          	1.10597186e-06
109.75          	1.43911119e-06
110.25          	1.86511929e-06
110.75          	2.40768253e-06
111.25          	3.09592430e-06
111.75          	3.96549969e-06
112.25          	5.05987476e-06
112.75          	6.43181405e-06
113.25          	8.14510115e-06
113.75          	1.02765189e-05
114.25          	1.29181165e-05
114.75          	1.61797911e-05
115.25          	2.01922133e-05
115.75          	2.51101230e-05
116.25          	3.11160242e-05
116.75          	3.84243035e-05
117.25          	4.72857955e-05
117.75          	5.79928159e-05
118.25          	7.08846767e-05
118.75          	8.63536963e-05
119.25          	1.04851707e-04
119.75          	1.26897061e-04
120.25          	1.53082113e-04
120.75          	1.84081180e-04
121.25          	2.20658925e-04
121.75          	2.63679139e-04
122.25          	3.14113854e-04
122.75          	3.73052740e-04
123.25          	4.41712685e-04
123.75          	5.21447479e-04
124.25          	6.13757491e-04
124.75          	7.20299225e-04
125.25          	8.42894615e-04
125.75          	9.83539922e-04
126.25          	1.14441408e-03
126.75          	1.32788633e-03
127.25          	1.53652298e-03
127.75          	1.77309304e-03
128.25          	2.04057278e-03
128.75          	2.34214870e-03
129.25          	2.68121901e-03
129.75          	3.06139341e-03
130.25          	3.48649089e-03
130.75          	3.96053550e-03
131.25          	4.48775003e-03
131.75          	5.07254731e-03
132.25          	5.71951925e-03
132.75          	6.43342346e-03
133.25          	7.21916736e-03
133.75          	8.08178995e-03
134.25          	9.02644117e-03
134.75          	1.00583588e-02
135.25          	1.11828435e-02
135.75          	1.24052312e-02
136.25          	1.37308641e-02
136.75          	1.51650596e-02
137.25          	1.67130783e-02
137.75          	1.83800898e-02
138.25          	2.01711386e-02
138.75          	2.20911093e-02
139.25          	2.41446903e-02
139.75          	2.63363395e-02
140.25          	2.86702490e-02
140.75          	3.11503111e-02
141.25          	3.37800855e-02
141.75          	3.65627679e-02
142.25          	3.95011608e-02
142.75          	4.25976458e-02
143.25          	4.58541592e-02
143.75          	4.92721700e-02
144.25          	5.28526609e-02
144.75          	5.65961128e-02
145.25          	6.05024924e-02
145.75          	6.45712442e-02
146.25          	6.88012851e-02
146.75          	7.31910036e-02
147.25          	7.77382624e-02
147.75          	8.24404054e-02
148.25          	8.72942673e-02
148.75          	9.22961877e-02
149.25          	9.74420285e-02
149.75          	1.02727194e-01
150.25          	1.08146656e-01
150.75          	1.13694978e-01
151.25          	1.19366346e-01
151.75          	1.25154597e-01
152.25          	1.31053256e-01
152.75          	1.37055569e-01
153.25          	1.43154538e-01
153.75          	1.49342957e-01
154.25          	1.55613454e-01
154.75          	1.61958524e-01
155.25          	1.68370568e-01
155.75          	1.74841930e-01
156.25          	1.81364937e-01
156.75          	1.87931927e-01
157.25          	1.94535292e-01
157.75          	2.01167503e-01
158.25          	2.07821146e-01
158.75          	2.14488950e-01
159.25          	2.21163813e-01
159.75          	2.27838829e-01
160.25          	2.34507307e-01
160.75          	2.41162796e-01
161.25          	2.47799101e-01
161.75          	2.54410298e-01
162.25          	2.60990747e-01
162.75          	2.67535104e-01
163.25          	2.74038328e-01
163.75          	2.80495691e-01
164.25          	2.86902775e-01
164.75          	2.93255483e-01
165.25          	2.99550030e-01
165.75          	3.05782948e-01
166.25          	3.11951080e-01
166.75          	3.18051573e-01
167.25          	3.24081877e-01
167.75          	3.30039730e-01
168.25          	3.35923155e-01
168.75          	3.41730448e-01
169.25          	3.47460167e-01
169.75          	3.53111121e-01
170.25          	3.58682359e-01
170.75          	3.64173155e-01
171.25          	3.69582999e-01
171.75          	3.74911582e-01
172.25          	3.80158780e-01
172.75          	3.85324650e-01
173.25          	3.90409406e-01
173.75          	3.95413414e-01
174.25          	4.00337178e-01
174.75          	4.05181325e-01
175.25          	4.09946598e-01
175.75          	4.14633838e-01
176.25          	4.19243982e-01
176.75          	4.23778043e-01
177.25          	4.28237107e-01
177.75          	4.32622320e-01
178.25          	4.36934882e-01
178.75          	4.41176034e-01
179.25          	4.45347057e-01
179.75          	4.49449258e-01
180.25          	4.53483966e-01
180.75          	4.57452529e-01
181.25          	4.61356300e-01
181.75          	4.65196643e-01
182.25          	4.68974917e-01
182.75          	4.72692482e-01
183.25          	4.76350685e-01
183.75          	4.79950867e-01
184.25          	4.83494349e-01
184.75          	4.86982441e-01
185.25          	4.90416430e-01
185.75          	4.93797582e-01
186.25          	4.97127141e-01
186.75          	5.00406327e-01
187.25          	5.03636333e-01
187.75          	5.06818327e-01
188.25          	5.09953449e-01
188.75          	5.13042811e-01
189.25          	5.16087497e-01
189.75          	5.19088564e-01
190.25          	5.22047039e-01
190.75          	5.24963922e-01
191.25          	5.27840183e-01
191.75          	5.30676766e-01
192.25          	5.33474586e-01
192.75          	5.36234534e-01
193.25          	5.38957470e-01
193.75          	5.41644231e-01
194.25          	5.44295627e-01
194.75          	5.46912445e-01
195.25          	5.49495445e-01
195.75          	5.52045366e-01
196.25          	5.54562923e-01
196.75          	5.57048810e-01
197.25          	5.59503696e-01
197.75          	5.61928233e-01
198.25          	5.64323051e-01
198.75          	5.66688762e-01
199.25          	5.69025958e-01
199.75          	5.71335212e-01
200.25          	5.73617082e-01
200.75          	5.75872107e-01
201.25          	5.78100811e-01
201.75          	5.80303702e-01
202.25          	5.82481274e-01
202.75          	5.84634005e-01
203.25          	5.86762360e-01
203.75          	5.88866791e-01
204.25          	5.90947736e-01
204.75          	5.93005622e-01
205.25          	5.95040862e-01
205.75          	5.97053862e-01
206.25          	5.99045012e-01
206.75          	6.01014695e-01
207.25          	6.02963281e-01
207.75          	6.04891134e-01
208.25          	6.06798606e-01
208.75          	6.08686041e-01
209.25          	6.10553773e-01
209.75          	6.12402130e-01
210.25          	6.14231430e-01
210.75          	6.16041985e-01
211.25          	6.17834098e-01
211.75          	6.19608066e-01
212.25          	6.21364179e-01
212.75          	6.23102721e-01
213.25          	6.24823968e-01
213.75          	6.26528191e-01
214.25          	6.28215654e-01
214.75          	6.29886619e-01
215.25          	6.31541337e-01
215.75          	6.33180058e-01
216.25          	6.34803025e-01
216.75          	6.36410477e-01
217.25          	6.38002647e-01
217.75          	6.39579764e-01
218.25          	6.41142053e-01
218.75          	6.42689735e-01
219.25          	6.44223025e-01
219.75          	6.45742135e-01
220.25          	6.47247274e-01
220.75          	6.48738646e-01
221.25          	6.50216452e-01
221.75          	6.51680888e-01
222.25          	6.53132148e-01
222.75          	6.54570423e-01
223.25          	6.55995899e-01
223.75          	6.57408761e-01
224.25          	6.58809187e-01
224.75          	6.60197357e-01
225.25          	6.61573443e-01
225.75          	6.62937619e-01
226.25          	6.64290053e-01
226.75          	6.65630910e-01
227.25          	6.66960354e-01
227.75          	6.68278546e-01
228.25          	6.69585643e-01
228.75          	6.70881801e-01
229.25          	6.72167173e-01
229.75          	6.73441910e-01
230.25          	6.74706159e-01
230.75          	6.75960066e-01
231.25          	6.77203774e-01
231.75          	6.78437426e-01
232.25          	6.79661159e-01
232.75          	6.80875110e-01
233.25          	6.82079413e-01
233.75          	6.83274202e-01
234.25          	6.84459605e-01
234.75          	6.85635752e-01
235.25          	6.86802768e-01
235.75          	6.87960778e-01
236.25          	6.89109903e-01
236.75          	6.90250263e-01
237.25          	6.91381977e-01
237.75          	6.92505160e-01
238.25          	6.93619928e-01
238.75          	6.94726391e-01
239.25          	6.95824662e-01
239.75          	6.96914848e-01
240.25          	6.97997056e-01
240.75          	6.99071392e-01
241.25          	7.00137959e-01
241.75          	7.01196858e-01
242.25          	7.02248190e-01
242.75          	7.03292052e-01
243.25          	7.04328540e-01
243.75          	7.05357751e-01
244.25          	7.06379776e-01
244.75          	7.07394708e-01
245.25          	7.08402636e-01
245.75          	7.09403649e-01
246.25          	7.10397833e-01
246.75          	7.11385274e-01
247.25          	7.12366055e-01
247.75          	7.13340259e-01
248.25          	7.14307966e-01
248.75          	7.15269256e-01
249.25          	7.16224207e-01
249.75          	7.17172895e-01
250.25          	7.18115395e-01
250.75          	7.19051780e-01
251.25          	7.19982124e-01
251.75          	7.20906497e-01
252.25          	7.21824968e-01
252.75          	7.22737607e-01
253.25          	7.23644480e-01
253.75          	7.24545653e-01
254.25          	7.25441191e-01
254.75          	7.26331158e-01
255.25          	7.27215615e-01
255.75          	7.28094624e-01
256.25          	7.28968244e-01
256.75          	7.29836535e-01
257.25          	7.30699555e-01
257.75          	7.31557359e-01
258.25          	7.32410004e-01
258.75          	7.33257544e-01
259.25          	7.34100033e-01
259.75          	7.34937524e-01
260.25          	7.35770067e-01
260.75          	7.36597714e-01
261.25          	7.37420514e-01
261.75          	7.38238517e-01
262.25          	7.39051769e-01
262.75          	7.39860319e-01
263.25          	7.40664212e-01
263.75          	7.41463493e-01
264.25          	7.42258207e-01
264.75          	7.43048398e-01
265.25          	7.43834109e-01
265.75          	7.44615382e-01
266.25          	7.45392258e-01
266.75          	7.46164778e-01
267.25          	7.46932982e-01
267.75          	7.47696909e-01
268.25          	7.48456598e-01
268.75          	7.49212087e-01
269.25          	7.49963412e-01
269.75          	7.50710611e-01
270.25          	7.51453720e-01
270.75          	7.52192775e-01
271.25          	7.52927809e-01
271.75          	7.53658857e-01
272.25          	7.54385954e-01
272.75          	7.55109131e-01
273.25          	7.55828423e-01
273.75          	7.56543861e-01
274.25          	7.57255476e-01
274.75          	7.57963300e-01
275.25          	7.58667364e-01
275.75          	7.59367697e-01
276.25          	7.60064331e-01
276.75          	7.60757293e-01
277.25          	7.61446613e-01
277.75          	7.62132319e-01
278.25          	7.62814440e-01
278.75          	7.63493003e-01
279.25          	7.64168036e-01
279.75          	7.64839565e-01
280.25          	7.65507618e-01
280.75          	7.66172220e-01
281.25          	7.66833398e-01
281.75          	7.67491176e-01
282.25          	7.68145582e-01
282.75          	7.68796638e-01
283.25          	7.69444371e-01
283.75          	7.70088804e-01
284.25          	7.70729961e-01
284.75          	7.71367867e-01
285.25          	7.72002546e-01
285.75          	7.72634019e-01
286.25          	7.73262311e-01
286.75          	7.73887444e-01
287.25          	7.74509442e-01
287.75          	7.75128325e-01
288.25          	7.75744117e-01
288.75          	7.76356840e-01
289.25          	7.76966514e-01
289.75          	7.77573163e-01
290.25          	7.78176806e-01
290.75          	7.78777465e-01
291.25          	7.79375162e-01
291.75          	7.79969916e-01
292.25          	7.80561750e-01
292.75          	7.81150682e-01
293.25          	7.81736733e-01
293.75          	7.82319924e-01
294.25          	7.82900275e-01
294.75          	7.83477804e-01
295.25          	7.84052533e-01
295.75          	7.84624480e-01
296.25          	7.85193665e-01
296.75          	7.85760107e-01
297.25          	7.86323825e-01
297.75          	7.86884839e-01
298.25          	7.87443167e-01
298.75          	7.87998828e-01
299.25          	7.88551841e-01
299.75          	7.89102224e-01
300.25          	7.89649996e-01
300.75          	7.90195175e-01
301.25          	7.90737778e-01
301.75          	7.91277826e-01
302.25          	7.91815334e-01
302.75          	7.92350322e-01
303.25          	7.92882807e-01
303.75          	7.93412807e-01
304.25          	7.93940339e-01
304.75          	7.94465420e-01
305.25          	7.94988070e-01
305.75          	7.95508303e-01
306.25          	7.96026139e-01
306.75          	7.96541594e-01
307.25          	7.97054684e-01
307.75          	7.97565428e-01
308.25          	7.98073841e-01
308.75          	7.98579942e-01
309.25          	7.99083745e-01
309.75          	7.99585269e-01
310.25          	8.00084529e-01
310.75          	8.00581541e-01
311.25          	8.01076323e-01
311.75          	8.01568891e-01
312.25          	8.02059260e-01
312.75          	8.02547446e-01
313.25          	8.03033466e-01
313.75          	8.03517336e-01
314.25          	8.03999071e-01
314.75          	8.04478687e-01
315.25          	8.04956199e-01
315.75          	8.05431623e-01
316.25          	8.05904975e-01
316.75          	8.06376270e-01
317.25          	8.06845523e-01
317.75          	8.07312748e-01
318.25          	8.07777962e-01
318.75          	8.08241179e-01
319.25          	8.08702414e-01
319.75          	8.09161682e-01
320.25          	8.09618997e-01
320.75          	8.10074373e-01
321.25          	8.10527826e-01
321.75          	8.10979370e-01
322.25          	8.11429018e-01
322.75          	8.11876785e-01
323.25          	8.12322685e-01
323.75          	8.12766732e-01
324.25          	8.13208940e-01
324.75          	8.13649322e-01
325.25          	8.14087892e-01
325.75          	8.14524663e-01
326.25          	8.14959649e-01
326.75          	8.15392863e-01
327.25          	8.15824319e-01
327.75          	8.16254028e-01
328.25          	8.16682005e-01
328.75          	8.17108261e-01
329.25          	8.17532811e-01
329.75          	8.17955665e-01
330.25          	8.18376838e-01
330.75          	8.18796340e-01
331.25          	8.19214185e-01
331.75          	8.19630384e-01
332.25          	8.20044950e-01
332.75          	8.20457894e-01
333.25          	8.20869229e-01
333.75          	8.21278965e-01
334.25          	8.21687115e-01
334.75          	8.22093689e-01
335.25          	8.22498700e-01
335.75          	8.22902158e-01
336.25          	8.23304075e-01
336.75          	8.23704461e-01
337.25          	8.24103328e-01
337.75          	8.24500686e-01
338.25          	8.24896545e-01
338.75          	8.25290917e-01
339.25          	8.25683811e-01
339.75          	8.26075239e-01
340.25          	8.26465209e-01
340.75          	8.26853733e-01
341.25          	8.27240820e-01
341.75          	8.27626480e-01
342.25          	8.28010723e-01
342.75          	8.28393559e-01
343.25          	8.28774996e-01
343.75          	8.29155045e-01
344.25          	8.29533714e-01
344.75          	8.29911014e-01
345.25          	8.30286952e-01
345.75          	8.30661538e-01
346.25          	8.31034781e-01
346.75          	8.31406690e-01
347.25          	8.31777273e-01
347.75          	8.32146539e-01
348.25          	8.32514496e-01
348.75          	8.32881153e-01
349.25          	8.33246518e-01
349.75          	8.33610599e-01
350.25          	8.33973405e-01
350.75          	8.34334943e-01
351.25          	8.34695221e-01
351.75          	8.35054247e-01
352.25          	8.35412029e-01
352.75          	8.35768574e-01
353.25          	8.36123890e-01
353.75          	8.36477984e-01
354.25          	8.36830864e-01
354.75          	8.37182537e-01
355.25          	8.37533010e-01
355.75          	8.37882290e-01
356.25          	8.38230384e-01
356.75          	8.38577300e-01
357.25          	8.38923044e-01
357.75          	8.39267622e-01
358.25          	8.39611042e-01
358.75          	8.39953311e-01
359.25          	8.40294434e-01
359.75          	8.40634418e-01
360.25          	8.40973270e-01
360.75          	8.41310995e-01
361.25          	8.41647601e-01
361.75          	8.41983094e-01
362.25          	8.42317478e-01
362.75          	8.42650762e-01
363.25          	8.42982950e-01
363.75          	8.43314048e-01
364.25          	8.43644063e-01
364.75          	8.43973000e-01
365.25          	8.44300865e-01
365.75          	8.44627663e-01
366.25          	8.44953400e-01
366.75          	8.45278082e-01
367.25          	8.45601714e-01
367.75          	8.45924302e-01
368.25          	8.46245851e-01
368.75          	8.46566366e-01
369.25          	8.46885852e-01
369.75          	8.47204315e-01
370.25          	8.47521760e-01
370.75          	8.47838192e-01
371.25          	8.48153616e-01
371.75          	8.48468036e-01
372.25          	8.48781459e-01
372.75          	8.49093888e-01
373.25          	8.49405329e-01
373.75          	8.49715786e-01
374.25          	8.50025265e-01
374.75          	8.50333768e-01
375.25          	8.50641303e-01
375.75          	8.50947872e-01
376.25          	8.51253480e-01
376.75          	8.51558132e-01
377.25          	8.51861833e-01
377.75          	8.52164586e-01
378.25          	8.52466396e-01
378.75          	8.52767268e-01
379.25          	8.53067204e-01
379.75          	8.53366211e-01
380.25          	8.53664291e-01
380.75          	8.53961448e-01
381.25          	8.54257688e-01
381.75          	8.54553014e-01
382.25          	8.54847429e-01
382.75          	8.55140937e-01
383.25          	8.55433544e-01
383.75          	8.55725251e-01
384.25          	8.56016063e-01
384.75          	8.56305984e-01
385.25          	8.56595017e-01
385.75          	8.56883166e-01
386.25          	8.57170435e-01
386.75          	8.57456826e-01
387.25          	8.57742344e-01
387.75          	8.58026992e-01
388.25          	8.58310772e-01
388.75          	8.58593689e-01
389.25          	8.58875746e-01
389.75          	8.59156945e-01
390.25          	8.59437291e-01
390.75          	8.59716785e-01
391.25          	8.59995432e-01
391.75          	8.60273234e-01
392.25          	8.60550194e-01
392.75          	8.60826315e-01
393.25          	8.61101600e-01
393.75          	8.61376052e-01
394.25          	8.61649674e-01
394.75          	8.61922467e-01
395.25          	8.62194436e-01
395.75          	8.62465582e-01
396.25          	8.62735908e-01
396.75          	8.63005417e-01
397.25          	8.63274111e-01
397.75          	8.63541993e-01
398.25          	8.63809065e-01
398.75          	8.64075329e-01
399.25          	8.64340787e-01
399.75          	8.64605443e-01
400.25          	8.64869297e-01
400.75          	8.65132353e-01
401.25          	8.65394612e-01
401.75          	8.65656077e-01
402.25          	8.65916749e-01
402.75          	8.66176631e-01
403.25          	8.66435724e-01
403.75          	8.66694030e-01
404.25          	8.66951552e-01
404.75          	8.67208290e-01
405.25          	8.67464247e-01
405.75          	8.67719425e-01
406.25          	8.67973825e-01
406.75          	8.68227449e-01
407.25          	8.68480299e-01
407.75          	8.68732375e-01
408.25          	8.68983681e-01
408.75          	8.69234216e-01
409.25          	8.69483983e-01
409.75          	8.69732983e-01
410.25          	8.69981218e-01
410.75          	8.70228689e-01
411.25          	8.70475397e-01
411.75          	8.70721344e-01
412.25          	8.70966530e-01
412.75          	8.71210958e-01
413.25          	8.71454629e-01
413.75          	8.71697543e-01
414.25          	8.71939701e-01
414.75          	8.72181106e-01
415.25          	8.72421759e-01
415.75          	8.72661659e-01
416.25          	8.72900809e-01
416.75          	8.73139210e-01
417.25          	8.73376862e-01
417.75          	8.73613767e-01
418.25          	8.73849926e-01
418.75          	8.74085339e-01
419.25          	8.74320009e-01
419.75          	8.74553935e-01
420.25          	8.74787119e-01
420.75          	8.75019562e-01
421.25          	8.75251265e-01
421.75          	8.75482229e-01
422.25          	8.75712454e-01
422.75          	8.75941942e-01
423.25          	8.76170694e-01
423.75          	8.76398711e-01
424.25          	8.76625994e-01
424.75          	8.76852543e-01
425.25          	8.77078359e-01
425.75          	8.77303445e-01
426.25          	8.77527800e-01
426.75          	8.77751426e-01
427.25          	8.77974323e-01
427.75          	8.78196493e-01
428.25          	8.78417937e-01
428.75          	8.78638655e-01
429.25          	8.78858649e-01
429.75          	8.79077920e-01
430.25          	8.79296468e-01
430.75          	8.79514296e-01
431.25          	8.79731403e-01
431.75          	8.79947792e-01
432.25          	8.80163463e-01
432.75          	8.80378418e-01
433.25          	8.80592657e-01
433.75          	8.80806182e-01
434.25          	8.81018994e-01
434.75          	8.81231094e-01
435.25          	8.81442484e-01
435.75          	8.81653165e-01
436.25          	8.81863138e-01
436.75          	8.82072404e-01
437.25          	8.82280965e-01
437.75          	8.82488823e-01
438.25          	8.82695978e-01
438.75          	8.82902433e-01
439.25          	8.83108187e-01
439.75          	8.83313245e-01
440.25          	8.83517605e-01
440.75          	8.83721271e-01
441.25          	8.83924244e-01
441.75          	8.84126526e-01
442.25          	8.84328117e-01
442.75          	8.84529020e-01
443.25          	8.84729237e-01
443.75          	8.84928770e-01
444.25          	8.85127619e-01
444.75          	8.85325787e-01
445.25          	8.85523277e-01
445.75          	8.85720089e-01
446.25          	8.85916225e-01
446.75          	8.86111688e-01
447.25          	8.86306480e-01
447.75          	8.86500603e-01
448.25          	8.86694058e-01
448.75          	8.86886848e-01
449.25          	8.87078975e-01
449.75          	8.87270441e-01
450.25          	8.87461248e-01
450.75          	8.87651399e-01
451.25          	8.87840896e-01
451.75          	8.88029740e-01
452.25          	8.88217936e-01
452.75          	8.88405484e-01
453.25          	8.88592387e-01
453.75          	8.88778647e-01
454.25          	8.88964268e-01
454.75          	8.89149252e-01
455.25          	8.89333600e-01
455.75          	8.89517316e-01
456.25          	8.89700402e-01
456.75          	8.89882861e-01
457.25          	8.90064696e-01
457.75          	8.90245908e-01
458.25          	8.90426501e-01
458.75          	8.90606478e-01
459.25          	8.90785841e-01
459.75          	8.90964593e-01
460.25          	8.91142736e-01
460.75          	8.91320275e-01
461.25          	8.91497210e-01
461.75          	8.91673546e-01
462.25          	8.91849285e-01
462.75          	8.92024430e-01
463.25          	8.92198985e-01
463.75          	8.92372951e-01
464.25          	8.92546332e-01
464.75          	8.92719130e-01
465.25          	8.92891350e-01
465.75          	8.93062994e-01
466.25          	8.93234064e-01
466.75          	8.93404564e-01
467.25          	8.93574498e-01
467.75          	8.93743867e-01
468.25          	8.93912676e-01
468.75          	8.94080927e-01
469.25          	8.94248624e-01
469.75          	8.94415768e-01
470.25          	8.94582365e-01
470.75          	8.94748416e-01
471.25          	8.94913926e-01
471.75          	8.95078896e-01
472.25          	8.95243331e-01
472.75          	8.95407233e-01
473.25          	8.95570605e-01
473.75          	8.95733452e-01
474.25          	8.95895775e-01
474.75          	8.96057579e-01
475.25          	8.96218865e-01
475.75          	8.96379639e-01
476.25          	8.96539902e-01
476.75          	8.96699658e-01
477.25          	8.96858910e-01
477.75          	8.97017661e-01
478.25          	8.97175915e-01
478.75          	8.97333674e-01
479.25          	8.97490943e-01
479.75          	8.97647723e-01
480.25          	8.97804018e-01
480.75          	8.97959832e-01
481.25          	8.98115167e-01
481.75          	8.98270027e-01
482.25          	8.98424414e-01
482.75          	8.98578332e-01
483.25          	8.98731785e-01
483.75          	8.98884774e-01
484.25          	8.99037304e-01
484.75          	8.99189377e-01
485.25          	8.99340996e-01
485.75          	8.99492165e-01
486.25          	8.99642886e-01
486.75          	8.99793162e-01
487.25          	8.99942998e-01
487.75          	9.00092395e-01
488.25          	9.00241356e-01
488.75          	9.00389885e-01
489.25          	9.00537984e-01
489.75          	9.00685657e-01
490.25          	9.00832907e-01
490.75          	9.00979735e-01
491.25          	9.01126146e-01
491.75          	9.01272142e-01
492.25          	9.01417726e-01
492.75          	9.01562901e-01
493.25          	9.01707670e-01
493.75          	9.01852035e-01
494.25          	9.01995999e-01
494.75          	9.02139565e-01
495.25          	9.02282736e-01
495.75          	9.02425515e-01
496.25          	9.02567903e-01
496.75          	9.02709905e-01
497.25          	9.02851523e-01
497.75          	9.02992758e-01
498.25          	9.03133615e-01
498.75          	9.03274095e-01
499.25          	9.03414201e-01
499.75          	9.03553935e-01
500.25          	9.03693301e-01
500.75          	9.03832301e-01
501.25          	9.03970937e-01
501.75          	9.04109211e-01
502.25          	9.04247127e-01
502.75          	9.04384686e-01
503.25          	9.04521892e-01
503.75          	9.04658745e-01
504.25          	9.04795250e-01
504.75          	9.04931407e-01
505.25          	9.05067220e-01
505.75          	9.05202691e-01
506.25          	9.05337822e-01
506.75          	9.05472615e-01
507.25          	9.05607072e-01
507.75          	9.05741197e-01
508.25          	9.05874990e-01
508.75          	9.06008454e-01
509.25          	9.06141592e-01
509.75          	9.06274405e-01
510.25          	9.06406895e-01
510.75          	9.06539065e-01
511.25          	9.06670916e-01
511.75          	9.06802451e-01
512.25          	9.06933672e-01
512.75          	9.07064580e-01
513.25          	9.07195178e-01
513.75          	9.07325468e-01
514.25          	9.07455451e-01
514.75          	9.07585129e-01
515.25          	9.07714505e-01
515.75          	9.07843579e-01
516.25          	9.07972355e-01
516.75          	9.08100834e-01
517.25          	9.08229017e-01
517.75          	9.08356907e-01
518.25          	9.08484505e-01
518.75          	9.08611812e-01
519.25          	9.08738832e-01
519.75          	9.08865564e-01
520.25          	9.08992012e-01
520.75          	9.09118177e-01
521.25          	9.09244059e-01
521.75          	9.09369662e-01
522.25          	9.09494987e-01
522.75          	9.09620034e-01
523.25          	9.09744806e-01
523.75          	9.09869305e-01
524.25          	9.09993531e-01
524.75          	9.10117487e-01
525.25          	9.10241174e-01
525.75          	9.10364593e-01
526.25          	9.10487746e-01
526.75          	9.10610634e-01
527.25          	9.10733259e-01
527.75          	9.10855622e-01
528.25          	9.10977724e-01
528.75          	9.11099568e-01
529.25          	9.11221153e-01
529.75          	9.11342483e-01
530.25          	9.11463557e-01
530.75          	9.11584378e-01
531.25          	9.11704946e-01
531.75          	9.11825263e-01
532.25          	9.11945330e-01
532.75          	9.12065149e-01
533.25          	9.12184720e-01
533.75          	9.12304046e-01
534.25          	9.12423126e-01
534.75          	9.12541963e-01
535.25          	9.12660557e-01
535.75          	9.12778910e-01
536.25          	9.12897023e-01
536.75          	9.13014897e-01
537.25          	9.13132533e-01
537.75          	9.13249932e-01
538.25          	9.13367096e-01
538.75          	9.13484026e-01
539.25          	9.13600721e-01
539.75          	9.13717185e-01
540.25          	9.13833417e-01
540.75          	9.13949419e-01
541.25          	9.14065192e-01
541.75          	9.14180737e-01
542.25          	9.14296055e-01
542.75          	9.14411146e-01
543.25          	9.14526013e-01
543.75          	9.14640655e-01
544.25          	9.14755074e-01
544.75          	9.14869271e-01
545.25          	9.14983247e-01
545.75          	9.15097003e-01
546.25          	9.15210539e-01
546.75          	9.15323856e-01
547.25          	9.15436956e-01
547.75          	9.15549840e-01
548.25          	9.15662507e-01
548.75          	9.15774960e-01
549.25          	9.15887199e-01
549.75          	9.15999225e-01
550.25          	9.16111038e-01
550.75          	9.16222640e-01
551.25          	9.16334032e-01
551.75          	9.16445213e-01
552.25          	9.16556186e-01
552.75          	9.16666951e-01
553.25          	9.16777508e-01
553.75          	9.16887859e-01
554.25          	9.16998004e-01
554.75          	9.17107944e-01
555.25          	9.17217680e-01
555.75          	9.17327212e-01
556.25          	9.17436542e-01
556.75          	9.17545669e-01
557.25          	9.17654596e-01
557.75          	9.17763322e-01
558.25          	9.17871848e-01
558.75          	9.17980175e-01
559.25          	9.18088304e-01
559.75          	9.18196235e-01
560.25          	9.18303970e-01
560.75          	9.18411507e-01
561.25          	9.18518850e-01
561.75          	9.18625997e-01
562.25          	9.18732951e-01
562.75          	9.18839710e-01
563.25          	9.18946277e-01
563.75          	9.19052651e-01
564.25          	9.19158834e-01
564.75          	9.19264826e-01
565.25          	9.19370627e-01
565.75          	9.19476238e-01
566.25          	9.19581660e-01
566.75          	9.19686894e-01
567.25          	9.19791940e-01
567.75          	9.19896798e-01
568.25          	9.20001470e-01
568.75          	9.20105955e-01
569.25          	9.20210255e-01
569.75          	9.20314369e-01
570.25          	9.20418299e-01
570.75          	9.20522046e-01
571.25          	9.20625608e-01
571.75          	9.20728988e-01
572.25          	9.20832186e-01
572.75          	9.20935202e-01
573.25          	9.21038037e-01
573.75          	9.21140690e-01
574.25          	9.21243164e-01
574.75          	9.21345458e-01
575.25          	9.21447573e-01
575.75          	9.21549510e-01
576.25          	9.21651268e-01
576.75          	9.21752848e-01
577.25          	9.21854252e-01
577.75          	9.21955478e-01
578.25          	9.22056529e-01
578.75          	9.22157404e-01
579.25          	9.22258103e-01
579.75          	9.22358628e-01
580.25          	9.22458979e-01
580.75          	9.22559155e-01
581.25          	9.22659159e-01
581.75          	9.22758989e-01
582.25          	9.22858647e-01
582.75          	9.22958133e-01
583.25          	9.23057447e-01
583.75          	9.23156591e-01
584.25          	9.23255563e-01
584.75          	9.23354365e-01
585.25          	9.23452998e-01
585.75          	9.23551461e-01
586.25          	9.23649755e-01
586.75          	9.23747880e-01
587.25          	9.23845837e-01
587.75          	9.23943627e-01
588.25          	9.24041249e-01
588.75          	9.24138704e-01
589.25          	9.24235992e-01
589.75          	9.24333115e-01
590.25          	9.24430071e-01
590.75          	9.24526862e-01
591.25          	9.24623488e-01
591.75          	9.24719950e-01
592.25          	9.24816247e-01
592.75          	9.24912381e-01
593.25          	9.25008351e-01
593.75          	9.25104157e-01
594.25          	9.25199802e-01
594.75          	9.25295283e-01
595.25          	9.25390603e-01
595.75          	9.25485761e-01
596.25          	9.25580758e-01
596.75          	9.25675593e-01
597.25          	9.25770269e-01
597.75          	9.25864784e-01
598.25          	9.25959139e-01
598.75          	9.26053334e-01
599.25          	9.26147371e-01
599.75          	9.26241248e-01
